4294967279,327
4294967278,296
4294967279,326
4294967279,325
4294967294,956
4294967278,295
4294967279,324
4294967278,294
4294967279,323
4294967278,293
4294967279,322
4294967278,292
4294967279,321
4294967278,291
4294967294,1211
4294967294,1210
4294967294,1209
4294967294,1208
4294967294,1207
4294967294,1206
4294967294,1205
4294967294,955
4294967294,1204
4294967294,1203
4294967294,1202
4294967294,1201
4294967294,1200
4294967294,954
4294967294,953
4294967294,1199
4294967294,1198
4294967294,1197
4294967294,1196
4294967294,952
4294967294,1195
4294967294,1194
4294967294,1193
4294967294,1192
4294967294,1191
4294967294,1190
4294967294,1189
4294967294,1188
4294967294,1187
4294967294,1186
4294967294,1185
4294967294,951
4294967294,1184
4294967294,1183
4294967294,1182
4294967294,1181
4294967294,1180
4294967294,1179
4294967294,1178
4294967294,1177
4294967294,1176
4294967294,950
4294967294,1175
4294967294,1174
4294967294,1173
4294967294,1172
4294967294,1171
4294967294,1170
4294967294,949
4294967294,1169
4294967294,1168
4294967294,1167
4294967294,1166
4294967294,1165
4294967294,948
4294967294,1164
4294967294,1163
4294967294,1162
4294967294,1161
4294967294,1160
4294967294,1159
4294967294,947
4294967294,1157
4294967294,1156
4294967294,1155
4294967294,1154
4294967294,1153
4294967294,946
4294967294,1152
4294967279,449
4294967294,1599
4294967294,1598
4294967279,448
4294967294,1597
4294967279,447
4294967294,1596
4294967294,1595
4294967279,446
4294967294,1594
4294967279,445
4294967294,1593
4294967279,444
4294967294,1592
4294967294,1591
4294967279,443
4294967294,1590
4294967279,442
4294967294,945
4294967294,1589
4294967294,1588
4294967279,441
4294967294,1587
4294967279,440
4294967294,1586
4294967279,439
4294967294,1585
4294967294,1584
4294967279,438
4294967294,1583
4294967279,437
4294967294,1582
4294967294,943
4294967294,1581
4294967279,436
4294967294,1580
4294967279,435
4294967294,1579
4294967279,434
4294967294,1578
4294967294,1577
4294967279,433
4294967294,1576
4294967279,432
4294967294,1575
4294967294,942
4294967294,1574
4294967279,431
4294967294,1573
4294967279,430
4294967294,1572
4294967279,429
4294967294,1571
4294967294,1570
4294967279,428
4294967294,1569
4294967279,427
4294967294,1568
4294967279,426
4294967278,290
4294967294,1567
4294967294,941
4294967279,425
4294967294,1566
4294967294,1565
4294967279,424
4294967294,1564
4294967279,423
4294967294,1563
4294967294,1562
4294967279,422
4294967294,1561
4294967279,421
4294967294,1560
4294967279,420
4294967294,1559
4294967294,1558
4294967279,419
4294967294,1557
4294967279,418
4294967294,1556
4294967279,417
4294967294,1555
4294967294,1554
4294967279,416
4294967294,1553
4294967279,415
4294967294,1552
4294967279,414
4294967294,1551
4294967294,1550
4294967279,413
4294967294,1549
4294967279,412
4294967294,1548
4294967279,411
4294967294,1547
4294967294,1546
4294967279,410
4294967294,1545
4294967279,409
4294967294,1544
4294967294,1543
4294967279,408
4294967294,1542
4294967279,407
4294967294,1541
4294967279,406
4294967294,1540
4294967294,1539
4294967279,405
4294967294,1538
4294967279,404
4294967294,1537
4294967294,1536
4294967279,403
4294967294,1535
4294967279,402
4294967294,1534
4294967294,1533
4294967279,401
4294967294,1532
4294967279,400
4294967294,1531
4294967294,1530
4294967279,399
4294967294,1529
4294967279,398
4294967294,1528
4294967294,1151
4294967279,397
4294967294,1527
4294967294,1526
4294967279,396
4294967294,1525
4294967279,395
4294967294,1524
4294967279,394
4294967294,1523
4294967294,1522
4294967294,1150
4294967279,393
4294967294,1521
4294967279,392
4294967294,1520
4294967294,1519
4294967279,391
4294967294,1518
4294967279,390
4294967294,1149
4294967294,1517
4294967294,1516
4294967279,389
4294967294,1515
4294967279,388
4294967294,1514
4294967279,387
4294967294,1513
4294967279,386
4294967294,1512
4294967294,1511
4294967279,385
4294967294,1148
4294967294,1510
4294967279,384
4294967294,1509
4294967279,575
4294967294,1508
4294967294,1507
4294967279,574
4294967294,1506
4294967279,573
4294967294,1505
4294967279,572
4294967294,1504
4294967294,1147
4294967294,1503
4294967279,571
4294967294,1502
4294967279,570
4294967294,1501
4294967294,1146
4294967279,569
4294967294,1500
4294967294,1499
4294967279,568
4294967294,1498
4294967279,567
4294967294,1497
4294967294,1496
4294967279,566
4294967294,1495
4294967279,565
4294967294,1494
4294967279,564
4294967294,1493
4294967294,1492
4294967279,563
4294967294,1491
4294967279,562
4294967294,1490
4294967294,1145
4294967294,1489
4294967279,561
4294967294,1488
4294967279,560
4294967294,1487
4294967279,559
4294967294,1486
4294967294,1485
4294967279,558
4294967294,1484
4294967279,557
4294967294,1483
4294967294,1482
4294967279,556
4294967294,1481
4294967279,555
4294967294,1480
4294967294,1479
4294967279,554
4294967294,1478
4294967279,553
4294967294,1477
4294967279,552
4294967294,1144
4294967294,1476
4294967294,1475
4294967279,551
4294967294,1474
4294967279,550
4294967294,1473
4294967279,549
4294967294,1472
4294967279,548
4294967294,1471
4294967294,1470
4294967279,547
4294967294,1469
4294967279,546
4294967294,1468
4294967279,545
4294967294,1467
4294967294,1466
4294967279,544
4294967294,1465
4294967279,543
4294967294,1464
4294967294,1463
4294967279,542
4294967294,1462
4294967279,541
4294967294,1461
4294967279,540
4294967294,1460
4294967279,539
4294967294,1459
4294967294,1458
4294967279,538
4294967294,1457
4294967279,537
4294967294,1456
4294967279,536
4294967294,1455
4294967294,1454
4294967279,535
4294967294,1453
4294967279,534
4294967294,1452
4294967294,1451
4294967279,533
4294967294,1450
4294967279,532
4294967294,1449
4294967279,531
4294967294,1448
4294967294,1447
4294967279,530
4294967294,1446
4294967279,529
4294967294,1445
4294967294,1444
4294967279,528
4294967294,1443
4294967279,527
4294967294,1442
4294967294,1441
4294967279,526
4294967294,1440
4294967279,525
4294967294,1439
4294967294,1438
4294967279,524
4294967294,1437
4294967279,523
4294967294,1436
4294967279,522
4294967294,1435
4294967294,1434
4294967279,521
4294967294,1433
4294967279,520
4294967294,1432
4294967279,519
4294967294,1431
4294967294,1430
4294967279,518
4294967294,1429
4294967279,517
4294967294,1428
4294967294,1427
4294967279,516
4294967294,1426
